# TESTNET

OPERATOR_ACCOUNT_ID = 0.0.3885316
OPERATOR_PUBLIC_KEY = 302a300506032b6570032100055c07a636ee6488252c99afdd0516663b3a9d5bafb2eeb03db2cec0d16a2976
OPERATOR_PRIVATE_KEY = 302e020100300506032b6570042204204f91e0cfcfd0ed0430e6f531dceb94216592006d5f319d3a3a85c822d7791320

#-----------------------------------------FIRST_ACCOUNT----------------------------------------------------

FIRST_ACCOUNT_ID = 0.0.4037313
FIRST_PUBLIC_KEY = 302a300506032b6570032100b7e204006c817387320660dad7b2c6e5a5813e02f7c3fa61018226c281270a5e
FIRST_PRIVATE_KEY = 302e020100300506032b6570042204202226e26d2ded007e5f0325c232b769b4de1318ef4619b4fff59affae9abda581

# -----------------------------------------SECOND_ACCOUNT--------------------------------------------------

SECOND_ACCOUNT_ID = 0.0.4037314
SECOND_PUBLIC_KEY = 302a300506032b6570032100d8478932fb6a9e7d1a1d3392da9b7d32190b0fd8da78da0c199cdac9e422792c
SECOND_PRIVATE_KEY = 302e020100300506032b657004220420b2b3ee62383f2c1fd1032a52a14de5d017252a07190b4945a589096bfe01b495

# ------------------------------------------THIRD_ACCOUNT------------------------------------------------

THIRD_ACCOUNT_ID = 0.0.4037316
THIRD_PUBLIC_KEY = 302a300506032b657003210021e4d1e113f081cfe561e0d2839d9b17867eed125626543825cd388096e9dcfd
THIRD_PRIVATE_KEY = 302e020100300506032b6570042204202a44a5b5d384335496a55455b58ddf2e488fc0c8c7a1e98ef0010d9a113c866a
# -------------------------------------------FOURTH_ACCOUNT------------------------------------------------

FOURTH_ACCOUNT_ID = 0.0.4037317
FOURTH_PUBLIC_KEY = 302a300506032b6570032100bd0ec0298decdf51d58085bbc91dd88b91b0d098c47e855586703295adfeed66
FOURTH_PRIVATE_KEY = 302e020100300506032b6570042204207aa02f4cd860a418bd51c204440f267fc2c36b004b82d6ed22f261823e77de0d

# --------------------------------------------FIFTH_ACCOUNT-------------------------------------------------

FIFTH_ACCOUNT_ID = 0.0.4037319
FIFTH_PUBLIC_KEY = 302a300506032b6570032100652dd3499a55a9712e515e276386b169eedc8e634b808bdcff2e36c769730064
FIFTH_PRIVATE_KEY = 302e020100300506032b657004220420c65c14c4bd202db89c406f72ef9af719a883aa24916d8c8e5ab703c91a09803b

# --------------------------------------------TOPIC_ID----------------------------------------------------

TOPIC_ID = 0.0.4039708

#  --------------------------------------------TOKEN_ID---------------------------------------------------

TOKEN_ID = 0.0.4039563

# ----------------------------------------------SCHEDULED_ID----------------------------------------------

SCHEDULED_ID = 0.0.4038593
# SCHEDULED_TRANSACTION_ID = 0.0.4037313@1681119747.650756328

# ----------------------------------------------CONTRACT_ID-----------------------------------------------

CONTRACT_ID = 0.0.4039095